0 197 255 575 880 1109 1259 502 738 925 1170 1220 
197 0 155 475 780 1009 1159 402 638 825 1070 1120 
255 155 0 320 625 854 1004 247 483 670 915 965 
575 475 320 0 305 534 684 567 803 990 852 645 
880 780 625 305 0 229 379 872 979 792 547 340 
1109 1009 854 534 229 0 150 986 750 563 318 111 
1259 1159 1004 684 379 150 0 1090 854 667 422 215 
502 402 247 567 872 986 1090 0 236 423 668 875 
738 638 483 803 979 750 854 236 0 187 432 639 
925 825 670 990 792 563 667 423 187 0 245 452 
1170 1070 915 852 547 318 422 668 432 245 0 207 
1220 1120 965 645 340 111 215 875 639 452 207 0 
